# Version 0.0
# Data /workdir/Detroit_tune_Project/input/Data/Data__200__pp__BRAHMS_2007_I742956__d05-x01-y01.dat
# Observable: $\frac{1}{2\pi{p_{T}}}\frac{d^2\sigma}{dp_{T}dy}\left[mb(GeV^{-2})c^3\right]$
# Subobservable: $p_T \left[GeV\right]$
# Design Design_Rivet.dat
# design_point1 design_point2 design_point3 design_point4 design_point5 design_point6 design_point7 design_point8 design_point9 design_point10 design_point11 design_point12 design_point13 design_point14 design_point15 design_point16 design_point17 design_point18 design_point19 design_point20 design_point21 design_point22 design_point23 design_point24 design_point25 design_point26 design_point27 design_point28 design_point29 design_point30 design_point31 design_point32 design_point33 design_point34 design_point35 design_point36 design_point37 design_point38 design_point39 design_point40 design_point41 design_point42 design_point43 design_point44 design_point45 design_point46 design_point47 design_point48 design_point49 design_point50
3.344609e-03 3.683966e-03 4.641033e-03 4.931941e-03 4.523793e-03 3.187889e-03 7.927173e-11 1.103356e-11 1.158493e-11 7.467558e-12 4.149182e-03 4.099323e-03 4.567805e-03 4.308833e-03 4.342119e-03 4.166686e-03 8.758884e-03 4.152690e-03 5.086761e-03 4.219088e-03 4.175330e-03 4.252566e-03 4.938438e-03 4.883723e-03 5.038361e-03 4.855912e-03 4.031462e-03 3.974685e-03 5.397800e-03 3.444173e-03 4.429318e-03 4.403056e-03 3.211113e-02 5.077851e-03 5.278814e-03 4.995715e-03 4.092793e-03 4.999467e-03 4.076834e-03 4.179437e-03 4.446142e-03 5.388173e-03 4.190885e-03 5.228943e-03 4.938417e-03 4.069037e-03 4.207827e-03 4.979289e-03 4.973366e-03 4.175292e-03
2.873464e-03 2.961826e-03 4.421127e-03 3.984298e-03 3.835202e-03 2.460811e-03 6.088546e-11 9.895193e-12 9.783558e-12 6.480765e-12 3.378986e-03 3.508053e-03 4.006415e-03 3.647803e-03 3.680429e-03 3.653505e-03 8.171814e-03 3.951982e-03 4.494154e-03 3.667957e-03 3.833298e-03 3.593193e-03 4.143731e-03 3.985015e-03 4.644007e-03 4.012443e-03 3.725412e-03 3.561408e-03 4.527002e-03 3.048931e-03 3.907901e-03 3.752602e-03 5.008088e-02 4.498874e-03 4.427490e-03 4.648179e-03 3.779500e-03 4.359029e-03 3.659897e-03 3.574057e-03 3.923143e-03 4.335634e-03 3.697033e-03 4.547056e-03 4.059272e-03 3.850127e-03 3.760730e-03 4.255883e-03 4.563331e-03 3.669856e-03
2.397611e-03 2.794660e-03 3.650155e-03 3.652877e-03 3.983062e-03 2.108472e-03 6.068757e-11 8.957432e-12 8.437866e-12 5.408310e-12 3.133596e-03 3.291240e-03 3.423405e-03 3.423394e-03 3.323010e-03 3.298898e-03 6.431644e-03 2.970546e-03 3.791743e-03 2.714710e-03 3.139765e-03 3.094381e-03 3.651385e-03 3.300033e-03 3.829318e-03 3.426771e-03 3.218187e-03 2.953708e-03 4.007738e-03 2.910881e-03 3.496264e-03 3.172019e-03 2.649836e-02 3.892645e-03 4.033920e-03 3.908739e-03 3.098273e-03 4.048553e-03 3.053321e-03 3.132715e-03 3.097036e-03 3.968801e-03 3.070385e-03 4.325200e-03 3.661362e-03 3.000155e-03 3.251543e-03 3.654345e-03 3.899284e-03 2.919536e-03
1.960312e-03 2.353599e-03 3.091625e-03 3.394397e-03 3.186471e-03 2.144974e-03 4.889943e-11 7.734077e-12 7.844493e-12 5.311379e-12 2.615857e-03 2.670684e-03 2.792170e-03 2.880586e-03 2.563091e-03 2.713976e-03 5.871706e-03 2.863625e-03 3.263574e-03 2.500553e-03 2.610177e-03 2.679396e-03 3.099236e-03 3.013026e-03 3.343629e-03 3.074690e-03 2.549786e-03 2.771758e-03 3.582155e-03 2.429233e-03 2.972914e-03 2.566631e-03 2.507825e-02 3.612163e-03 3.396692e-03 3.790135e-03 2.560572e-03 3.419458e-03 2.639270e-03 2.713088e-03 2.604966e-03 3.542261e-03 2.874317e-03 3.493484e-03 2.937323e-03 2.655610e-03 2.951785e-03 3.295400e-03 3.542789e-03 2.804999e-03
1.199000e-03 1.318831e-03 1.885601e-03 1.857490e-03 1.842542e-03 1.019338e-03 2.869995e-11 4.680246e-12 4.612022e-12 2.948741e-12 1.574660e-03 1.588043e-03 1.582000e-03 1.766346e-03 1.440461e-03 1.551507e-03 3.254459e-03 1.596431e-03 1.995123e-03 1.586094e-03 1.428170e-03 1.625486e-03 1.792055e-03 1.651251e-03 2.075343e-03 1.722129e-03 1.490666e-03 1.436674e-03 2.046943e-03 1.389682e-03 1.707124e-03 1.680004e-03 1.175254e-02 2.036346e-03 2.224159e-03 2.008156e-03 1.615842e-03 1.948105e-03 1.517679e-03 1.660285e-03 1.685030e-03 2.116919e-03 1.573858e-03 2.138215e-03 1.829459e-03 1.614007e-03 1.701702e-03 1.746411e-03 1.935494e-03 1.515426e-03
8.689679e-04 1.020099e-03 1.422204e-03 1.432273e-03 1.337194e-03 8.342599e-04 2.328527e-11 3.857426e-12 3.767162e-12 2.072574e-12 1.085829e-03 1.056651e-03 1.201778e-03 1.261085e-03 1.174318e-03 1.158410e-03 2.844483e-03 1.197271e-03 1.490025e-03 1.131843e-03 1.256008e-03 1.130103e-03 1.440789e-03 1.241933e-03 1.541211e-03 1.432129e-03 1.218608e-03 1.138089e-03 1.593708e-03 1.235520e-03 1.306463e-03 1.294430e-03 1.910177e-02 1.522928e-03 1.563178e-03 1.584618e-03 1.265259e-03 1.531408e-03 1.020244e-03 1.140809e-03 1.226910e-03 1.576305e-03 1.158980e-03 1.627180e-03 1.501026e-03 1.270125e-03 1.246875e-03 1.402116e-03 1.456557e-03 1.125898e-03
5.890238e-04 7.330989e-04 1.251948e-03 1.075930e-03 9.386069e-04 6.029623e-04 1.434597e-11 2.919290e-12 2.922226e-12 1.828359e-12 9.394918e-04 8.649138e-04 8.974185e-04 9.490678e-04 8.753790e-04 9.664368e-04 2.067655e-03 9.377650e-04 1.131907e-03 9.062998e-04 9.421243e-04 8.633002e-04 1.082356e-03 8.953836e-04 1.263031e-03 9.432318e-04 9.397339e-04 9.586798e-04 1.183070e-03 8.624429e-04 9.662254e-04 9.177327e-04 1.036834e-02 1.202674e-03 1.367584e-03 1.206783e-03 9.032417e-04 1.162854e-03 9.257947e-04 8.626468e-04 8.994513e-04 1.147441e-03 9.237086e-04 1.256646e-03 1.018991e-03 9.636891e-04 8.979891e-04 1.182755e-03 1.154962e-03 8.161711e-04
5.203747e-04 6.799957e-04 9.212252e-04 8.950044e-04 7.874238e-04 5.237206e-04 1.361152e-11 2.512735e-12 2.329172e-12 1.318541e-12 7.110548e-04 6.517020e-04 6.703046e-04 7.806269e-04 7.315888e-04 7.314096e-04 1.442701e-03 7.636445e-04 8.785144e-04 5.775491e-04 6.257840e-04 6.927480e-04 8.359409e-04 6.890655e-04 1.013800e-03 6.642072e-04 6.695604e-04 5.553921e-04 9.686417e-04 7.110386e-04 8.651628e-04 7.428196e-04 1.499307e-07 1.073593e-03 1.011998e-03 9.399432e-04 6.181987e-04 8.713533e-04 6.449623e-04 7.052912e-04 6.899592e-04 8.877372e-04 6.932135e-04 9.516162e-04 9.124260e-04 8.069835e-04 8.355281e-04 7.643492e-04 8.050962e-04 5.699886e-04
3.972492e-04 4.759389e-04 7.360447e-04 6.410664e-04 6.862706e-04 4.025085e-04 1.114246e-11 1.917939e-12 1.874639e-12 1.247571e-12 4.761929e-04 5.189759e-04 5.829155e-04 5.409677e-04 6.084419e-04 4.568362e-04 1.238036e-03 6.112671e-04 7.505931e-04 5.513498e-04 5.709969e-04 5.380886e-04 6.903582e-04 6.672873e-04 8.142633e-04 5.879879e-04 5.196707e-04 5.376308e-04 6.549404e-04 4.536072e-04 6.064472e-04 5.452850e-04 1.215448e-02 7.740491e-04 7.980220e-04 7.391626e-04 5.911283e-04 6.790759e-04 4.396127e-04 5.091538e-04 5.544505e-04 7.263685e-04 5.130746e-04 7.749472e-04 6.646420e-04 4.909533e-04 5.867087e-04 6.727099e-04 7.724536e-04 5.544498e-04
3.391717e-04 3.441756e-04 5.152447e-04 5.896027e-04 5.472118e-04 2.518218e-04 8.791534e-12 1.587564e-12 1.545487e-12 8.588723e-13 4.287039e-04 4.644164e-04 5.140709e-04 4.660935e-04 3.086872e-04 3.599118e-04 9.029936e-04 4.891386e-04 5.694652e-04 3.173191e-04 3.986976e-04 4.139276e-04 5.574745e-04 4.352536e-04 5.802549e-04 4.278057e-04 4.090211e-04 4.012319e-04 5.804505e-04 4.068480e-04 5.116840e-04 3.991148e-04 8.208083e-03 5.984953e-04 5.907536e-04 5.731157e-04 4.676070e-04 5.835222e-04 4.003339e-04 4.420612e-04 4.314159e-04 5.996297e-04 4.877690e-04 5.389869e-04 5.662438e-04 4.142432e-04 4.175081e-04 4.937274e-04 6.031677e-04 4.729284e-04
2.979826e-04 2.454011e-04 5.037569e-04 5.089834e-04 5.292459e-04 2.938518e-04 5.309078e-12 1.301555e-12 1.236758e-12 6.801185e-13 3.382418e-04 3.866836e-04 3.499360e-04 3.900684e-04 3.337991e-04 3.582230e-04 8.831139e-04 3.932719e-04 5.024547e-04 3.633167e-04 2.953622e-04 3.536223e-04 4.089918e-04 4.209518e-04 4.623184e-04 4.028971e-04 4.049164e-04 3.521038e-04 4.892226e-04 3.679982e-04 3.867427e-04 3.581780e-04 7.985937e-03 4.735010e-04 5.274534e-04 5.107144e-04 3.045773e-04 4.202422e-04 3.416485e-04 3.313805e-04 3.867257e-04 4.551347e-04 3.636625e-04 5.294243e-04 4.640787e-04 3.995391e-04 3.716160e-04 4.781631e-04 3.991486e-04 4.068888e-04
1.981070e-04 2.336271e-04 3.724579e-04 3.686788e-04 4.109792e-04 2.218064e-04 5.548786e-12 1.048678e-12 9.383915e-13 6.710103e-13 2.506818e-04 2.685105e-04 2.529624e-04 2.260236e-04 2.424021e-04 2.615370e-04 5.975714e-04 3.346779e-04 4.082451e-04 2.800481e-04 2.956211e-04 3.066460e-04 3.003088e-04 2.826898e-04 4.091412e-04 2.862589e-04 2.686427e-04 2.281483e-04 3.715518e-04 3.193924e-04 3.376937e-04 3.130342e-04 4.049311e-09 4.160816e-04 4.221965e-04 3.852062e-04 2.574300e-04 3.846454e-04 2.949663e-04 3.181288e-04 2.446345e-04 4.706689e-04 2.396072e-04 4.161005e-04 3.638319e-04 3.036005e-04 2.574979e-04 3.094851e-04 3.473666e-04 3.005129e-04
1.991363e-04 2.483343e-04 3.316973e-04 2.890196e-04 1.974871e-04 1.317065e-04 3.350122e-12 7.124956e-13 8.860717e-13 4.184808e-13 1.849155e-04 2.274149e-04 2.122655e-04 2.464933e-04 2.646438e-04 2.734307e-04 6.972018e-04 1.760830e-04 3.733268e-04 1.960944e-04 2.189248e-04 1.037188e-04 3.140792e-04 3.385766e-04 3.389518e-04 2.506436e-04 2.571057e-04 2.367138e-04 2.432122e-04 2.201498e-04 3.028630e-04 2.225641e-04 2.329114e-12 3.059167e-04 3.467049e-04 1.885430e-04 1.988892e-04 2.997608e-04 1.331091e-04 1.879760e-04 3.113127e-04 3.239000e-04 2.776680e-04 2.907209e-04 3.339916e-04 2.386579e-04 2.525517e-04 3.067209e-04 3.310613e-04 2.271326e-04
1.314010e-04 1.527370e-04 2.902034e-04 2.673187e-04 1.055576e-04 1.595132e-04 2.211530e-12 6.940414e-13 6.316451e-13 3.411975e-13 2.015360e-04 2.212061e-04 1.837995e-04 2.083947e-04 1.617676e-04 2.159761e-04 4.184582e-04 2.207607e-04 2.890725e-04 2.003570e-04 1.911428e-04 1.743809e-04 2.477841e-04 2.009322e-04 3.150346e-04 2.099013e-04 1.392092e-04 2.544860e-04 2.070465e-04 2.398256e-04 1.707906e-04 2.362895e-04 1.814497e-12 2.639761e-04 2.531915e-04 3.032463e-04 1.988684e-04 2.755826e-04 1.798149e-04 2.110906e-04 1.825226e-04 2.827808e-04 2.215537e-04 3.092936e-04 2.574426e-04 2.527775e-04 1.994793e-04 1.765371e-04 2.962609e-04 2.337811e-04
1.010819e-04 9.687924e-05 1.674502e-04 1.388873e-04 1.724976e-04 5.609178e-05 1.799027e-12 3.656064e-13 3.399521e-13 2.450613e-13 1.321069e-04 1.167590e-04 1.289092e-04 1.231808e-04 1.147846e-04 1.120775e-04 1.965405e-04 1.208591e-04 1.247118e-04 1.167547e-04 1.122993e-04 1.159687e-04 1.543648e-04 1.229273e-04 1.764144e-04 1.258233e-04 1.213804e-04 9.357445e-05 1.375589e-04 6.210546e-05 1.468425e-04 1.222727e-04 3.915228e-11 1.399676e-04 1.511893e-04 1.565286e-04 9.711289e-05 1.707277e-04 1.002093e-04 1.024555e-04 1.280926e-04 1.872043e-04 1.095246e-04 1.533372e-04 1.407089e-04 9.847658e-05 1.300981e-04 1.392578e-04 1.468819e-04 1.377691e-04
6.348727e-05 8.948868e-05 1.300084e-04 7.999065e-05 1.163503e-04 6.358618e-05 1.625945e-12 3.102560e-13 1.905353e-13 1.518529e-13 9.244812e-05 7.335813e-05 9.309172e-05 1.023604e-04 7.876066e-05 7.564853e-05 1.022671e-04 7.238887e-05 9.249850e-05 9.229969e-05 8.257988e-05 7.339627e-05 9.035733e-05 9.060180e-05 1.104339e-04 9.786764e-05 7.628902e-05 9.088434e-05 7.828982e-05 6.253128e-05 8.945967e-05 8.568431e-05 2.808300e-11 1.003735e-04 1.113302e-04 1.055105e-04 8.039740e-05 1.003098e-04 6.734085e-05 9.550023e-05 9.176123e-05 1.117118e-04 4.920441e-05 8.704767e-05 1.026703e-04 9.367775e-05 1.012996e-04 8.087709e-05 9.744443e-05 5.724971e-05
6.814241e-05 5.964727e-05 7.989895e-05 7.731603e-05 5.153500e-05 5.871580e-05 8.583350e-13 1.673275e-13 1.303255e-13 7.947517e-14 6.709852e-05 6.155625e-05 3.762637e-05 6.960075e-05 1.316991e-06 8.886310e-05 1.595971e-04 7.547574e-05 8.391076e-05 6.419559e-05 6.230659e-05 4.800241e-05 6.139129e-05 8.925809e-05 9.092936e-05 8.273330e-05 4.661181e-05 6.981656e-05 7.107781e-05 7.463538e-05 8.290715e-05 8.499979e-05 6.711324e-15 6.644071e-05 8.544362e-05 9.544368e-05 7.506811e-05 6.367613e-05 5.842211e-05 7.018978e-05 7.887608e-05 7.220198e-05 4.718176e-05 6.621298e-05 5.883970e-05 6.374375e-05 6.683047e-05 6.570942e-05 5.444364e-05 4.633517e-05
2.055525e-05 2.462796e-05 3.874874e-05 3.957709e-05 3.031473e-05 2.827646e-05 3.069003e-14 7.044967e-14 5.365939e-14 2.734413e-14 3.274358e-05 2.706909e-05 3.255037e-05 3.045281e-05 3.011752e-05 2.286677e-05 7.053587e-05 3.956815e-05 4.511275e-05 3.861352e-05 2.964681e-05 3.768605e-05 3.957162e-05 3.361661e-05 2.954616e-05 3.809115e-05 4.366670e-05 2.603461e-05 3.264836e-05 2.435963e-05 2.912074e-05 3.280678e-05 2.073741e-13 4.800605e-05 3.785529e-05 3.712736e-05 2.811919e-05 2.791444e-05 3.959746e-05 3.419219e-05 3.215685e-05 3.793417e-05 4.657434e-05 3.213334e-05 3.882235e-05 3.719365e-05 1.743277e-05 3.913514e-05 3.587178e-05 1.827776e-05
1.996236e-05 1.873659e-05 3.295224e-05 2.268219e-05 7.331917e-07 1.133733e-10 0.000000e+00 1.647720e-14 2.729647e-14 1.666685e-14 9.279205e-06 2.043160e-05 1.860872e-05 2.285887e-05 1.805773e-05 2.520553e-05 3.273756e-05 9.567459e-06 2.003303e-05 2.655646e-07 1.867578e-05 2.907565e-05 3.302719e-05 1.859182e-05 2.606116e-05 1.881123e-05 2.531369e-05 2.156489e-05 2.414246e-05 1.633309e-05 2.156933e-05 1.726571e-05 0.000000e+00 2.643202e-05 2.538617e-05 1.545885e-05 1.929349e-05 2.586772e-05 2.669300e-05 2.452690e-05 1.812581e-05 3.044329e-05 1.975893e-05 1.440536e-05 1.504255e-05 1.468931e-05 2.159299e-05 2.394084e-05 2.939447e-05 1.170088e-05
