# Version 0.0
# Data /workdir/Detroit_tune_Project/input/Data/Data__200__pp__BRAHMS_2007_I742956__d05-x01-y01.dat
# Observable: $\frac{1}{2\pi{p_{T}}}\frac{d^2\sigma}{dp_{T}dy}\left[mb(GeV^{-2})c^3\right]$
# Subobservable: $p_T \left[GeV\right]$
# Design Design_Rivet.dat
# design_point1 design_point2 design_point3 design_point4 design_point5 design_point6 design_point7 design_point8 design_point9 design_point10 design_point11 design_point12 design_point13 design_point14 design_point15 design_point16 design_point17 design_point18 design_point19 design_point20 design_point21 design_point22 design_point23 design_point24 design_point25 design_point26 design_point27 design_point28 design_point29 design_point30 design_point31 design_point32 design_point33 design_point34 design_point35 design_point36 design_point37 design_point38 design_point39 design_point40 design_point41 design_point42 design_point43 design_point44 design_point45 design_point46 design_point47 design_point48 design_point49 design_point50
7.594264e-02 9.198391e-02 1.457585e-01 1.648292e-01 8.263871e-02 6.948607e-02 1.392047e-09 4.786010e-10 5.252741e-10 2.191958e-10 1.168781e-01 1.140813e-01 1.410886e-01 1.264617e-01 1.276404e-01 1.179211e-01 1.694639e-01 1.169966e-01 1.757627e-01 1.206707e-01 1.185841e-01 1.223828e-01 1.653943e-01 1.610890e-01 1.722544e-01 1.597962e-01 1.108476e-01 1.074604e-01 1.952719e-01 7.823871e-02 1.334763e-01 1.308814e-01 8.207308e-02 1.746947e-01 1.881871e-01 1.690546e-01 1.138926e-01 1.699328e-01 1.124758e-01 1.187756e-01 1.333790e-01 1.963646e-01 1.189690e-01 1.855263e-01 1.642950e-01 1.125607e-01 1.205776e-01 1.683595e-01 1.679562e-01 1.181391e-01
5.943498e-02 6.349349e-02 1.398581e-01 1.141400e-01 6.319718e-02 4.463061e-02 9.333300e-10 4.081630e-10 3.994821e-10 1.750099e-10 8.202255e-02 8.835369e-02 1.151193e-01 9.592827e-02 9.710352e-02 9.627293e-02 1.522013e-01 1.114487e-01 1.453234e-01 9.651160e-02 1.056958e-01 9.317713e-02 1.234198e-01 1.141101e-01 1.542636e-01 1.161019e-01 9.991167e-02 9.147433e-02 1.459321e-01 6.503884e-02 1.100356e-01 1.013484e-01 2.070521e-01 1.455229e-01 1.406276e-01 1.547955e-01 1.026941e-01 1.365073e-01 9.578012e-02 9.217689e-02 1.104488e-01 1.357847e-01 9.863663e-02 1.482602e-01 1.187090e-01 1.060787e-01 1.018120e-01 1.304419e-01 1.491725e-01 9.713682e-02
4.382406e-02 5.930853e-02 1.012060e-01 1.014823e-01 7.022407e-02 3.442347e-02 9.105997e-10 3.521737e-10 3.140788e-10 1.299600e-10 7.442251e-02 8.183283e-02 8.875590e-02 8.913244e-02 8.336093e-02 8.242939e-02 1.014809e-01 6.784015e-02 1.095985e-01 5.667930e-02 7.523548e-02 7.308985e-02 1.011143e-01 8.337982e-02 1.114169e-01 8.929807e-02 7.847098e-02 6.671164e-02 1.207344e-01 6.256968e-02 9.361073e-02 7.651454e-02 6.225028e-02 1.152104e-01 1.234491e-01 1.163492e-01 7.326294e-02 1.246032e-01 7.071569e-02 7.468884e-02 7.309382e-02 1.197797e-01 7.180281e-02 1.411367e-01 1.015840e-01 6.868300e-02 8.033508e-02 1.016102e-01 1.158341e-01 6.528472e-02
3.100393e-02 4.461417e-02 7.664899e-02 9.213742e-02 4.816655e-02 3.707904e-02 6.437178e-10 2.788728e-10 2.846639e-10 1.306360e-10 5.479949e-02 5.734165e-02 6.264708e-02 6.644481e-02 5.251241e-02 5.941800e-02 8.910633e-02 6.552475e-02 8.560689e-02 5.018253e-02 5.511294e-02 5.763993e-02 7.720152e-02 7.232987e-02 8.957518e-02 7.554928e-02 5.236836e-02 6.141168e-02 1.018949e-01 4.612405e-02 7.096260e-02 5.307929e-02 6.024389e-02 1.042130e-01 9.264302e-02 1.144703e-01 5.286209e-02 9.381229e-02 5.594547e-02 5.930632e-02 5.469909e-02 1.004131e-01 6.615831e-02 9.780733e-02 6.960315e-02 5.682077e-02 6.979497e-02 8.683413e-02 1.007322e-01 6.282183e-02
2.483941e-02 2.984673e-02 6.103554e-02 5.942112e-02 3.437683e-02 1.827004e-02 4.864293e-10 2.187951e-10 2.115605e-10 8.681538e-11 4.250565e-02 4.347604e-02 4.323190e-02 5.368357e-02 3.601302e-02 4.130812e-02 5.943475e-02 4.382921e-02 6.827546e-02 4.343584e-02 3.547143e-02 4.568213e-02 5.540763e-02 4.716020e-02 7.392062e-02 5.077513e-02 3.839778e-02 3.577676e-02 7.173632e-02 3.221478e-02 5.014494e-02 4.853478e-02 2.757461e-02 7.114607e-02 8.481872e-02 6.933952e-02 4.486644e-02 6.520665e-02 3.965688e-02 4.743022e-02 4.877421e-02 7.688809e-02 4.270106e-02 7.807645e-02 5.776246e-02 4.472248e-02 4.965582e-02 5.266867e-02 6.484196e-02 3.966226e-02
1.419514e-02 1.964807e-02 3.792441e-02 3.882493e-02 2.001014e-02 1.342809e-02 3.481103e-10 1.631716e-10 1.541679e-10 4.789578e-11 2.237918e-02 2.119340e-02 2.739878e-02 3.008795e-02 2.581614e-02 2.533806e-02 4.864120e-02 2.719956e-02 4.178523e-02 2.415210e-02 2.979462e-02 2.396375e-02 3.906736e-02 2.922772e-02 4.462226e-02 3.847035e-02 2.812615e-02 2.460441e-02 4.737047e-02 2.811372e-02 3.231373e-02 3.138636e-02 5.708669e-02 4.374847e-02 4.579021e-02 4.692318e-02 3.008866e-02 4.401026e-02 1.967880e-02 2.466623e-02 2.839031e-02 4.697730e-02 2.536174e-02 4.984532e-02 4.245584e-02 3.024380e-02 2.950567e-02 3.726443e-02 3.990216e-02 2.408975e-02
7.168839e-03 1.112842e-02 3.199116e-02 2.364303e-02 1.082279e-02 7.700801e-03 1.565906e-10 1.018887e-10 1.014472e-10 4.002733e-11 1.803217e-02 1.534419e-02 1.658239e-02 1.857700e-02 1.579261e-02 1.923208e-02 2.744736e-02 1.802729e-02 2.631579e-02 1.673463e-02 1.834118e-02 1.519062e-02 2.385108e-02 1.661144e-02 3.261605e-02 1.824116e-02 1.811079e-02 1.893554e-02 2.849660e-02 1.478672e-02 1.910780e-02 1.731511e-02 2.527832e-02 2.947850e-02 3.806907e-02 2.978256e-02 1.674275e-02 2.773549e-02 1.757035e-02 1.521741e-02 1.656072e-02 2.702172e-02 1.738785e-02 3.247974e-02 2.141584e-02 1.905605e-02 1.640822e-02 2.854213e-02 2.734044e-02 1.382208e-02
5.955748e-03 1.014235e-02 1.875200e-02 1.780695e-02 7.951217e-03 6.150789e-03 1.377161e-10 8.053770e-11 6.957064e-11 2.268477e-11 1.115251e-02 9.403619e-03 9.983033e-03 1.339694e-02 1.184033e-02 1.184768e-02 1.495698e-02 1.286228e-02 1.705715e-02 7.496926e-03 8.758981e-03 1.064988e-02 1.547589e-02 1.053813e-02 2.257292e-02 9.731162e-03 9.916930e-03 7.003870e-03 2.058909e-02 1.091112e-02 1.658688e-02 1.222926e-02 3.524104e-07 2.533717e-02 2.246189e-02 1.944063e-02 8.589128e-03 1.685247e-02 9.223069e-03 1.100074e-02 1.067674e-02 1.747379e-02 1.066042e-02 2.006905e-02 1.845174e-02 1.435362e-02 1.536349e-02 1.293533e-02 1.450931e-02 7.243664e-03
3.744014e-03 5.396358e-03 1.280960e-02 9.846708e-03 6.542506e-03 3.882577e-03 9.485578e-11 5.051535e-11 4.859821e-11 2.135062e-11 5.411585e-03 6.458066e-03 8.136528e-03 7.057460e-03 8.749977e-03 4.984179e-03 1.210974e-02 8.850529e-03 1.334083e-02 7.231872e-03 7.758698e-03 6.860366e-03 1.133010e-02 1.047713e-02 1.562438e-02 8.278810e-03 6.435161e-03 6.840383e-03 1.019427e-02 4.757126e-03 8.754507e-03 7.048367e-03 3.747531e-02 1.418183e-02 1.509367e-02 1.300381e-02 8.311113e-03 1.099549e-02 4.613305e-03 6.208862e-03 7.253809e-03 1.250959e-02 6.234529e-03 1.429881e-02 1.053021e-02 5.808451e-03 8.146803e-03 1.081797e-02 1.408219e-02 7.332472e-03
2.910129e-03 3.042016e-03 6.770682e-03 8.791579e-03 4.519555e-03 1.706867e-03 6.509841e-11 3.696430e-11 3.512549e-11 1.110980e-11 4.671545e-03 5.493089e-03 6.705953e-03 5.574536e-03 2.488747e-03 3.348542e-03 6.779457e-03 6.058148e-03 8.228004e-03 2.623044e-03 4.063399e-03 4.347507e-03 7.876099e-03 4.813538e-03 8.562705e-03 4.658416e-03 4.285402e-03 4.126976e-03 8.508601e-03 4.078894e-03 6.614529e-03 4.114711e-03 1.924966e-02 9.065128e-03 8.824276e-03 8.381623e-03 5.569327e-03 8.635337e-03 4.060115e-03 4.954952e-03 4.702467e-03 9.117436e-03 6.011924e-03 7.333133e-03 8.134822e-03 4.390193e-03 4.444309e-03 6.239103e-03 9.276501e-03 5.634003e-03
2.398627e-03 1.688755e-03 6.820420e-03 7.016478e-03 4.372688e-03 2.314476e-03 2.869240e-11 2.627722e-11 2.418809e-11 7.412648e-12 3.058448e-03 4.046357e-03 3.323304e-03 4.139289e-03 3.019059e-03 3.441101e-03 6.682371e-03 4.115394e-03 6.774276e-03 3.550512e-03 2.401679e-03 3.418448e-03 4.564138e-03 4.758758e-03 5.815466e-03 4.384850e-03 4.392853e-03 3.347262e-03 6.360575e-03 3.587053e-03 4.018160e-03 3.448239e-03 1.872870e-02 6.014065e-03 7.439705e-03 7.016711e-03 2.558344e-03 4.791949e-03 3.123221e-03 2.948487e-03 4.037657e-03 5.619731e-03 3.585918e-03 7.630274e-03 5.749539e-03 4.288349e-03 3.684591e-03 6.136027e-03 4.305446e-03 4.458036e-03
1.131699e-03 1.563579e-03 3.978896e-03 3.978753e-03 2.799938e-03 1.396243e-03 2.955276e-11 1.816196e-11 1.464965e-11 7.543334e-12 1.831179e-03 2.052565e-03 1.832472e-03 1.503725e-03 1.688569e-03 1.961298e-03 3.341066e-03 3.159998e-03 4.752654e-03 2.209000e-03 2.471260e-03 2.724554e-03 2.586759e-03 2.327731e-03 4.742981e-03 2.364712e-03 2.054983e-03 1.502866e-03 3.963086e-03 2.856748e-03 3.246130e-03 2.811305e-03 8.272724e-09 4.955526e-03 5.079751e-03 4.242692e-03 1.897972e-03 4.184843e-03 2.478462e-03 2.910402e-03 1.738596e-03 6.301402e-03 1.667609e-03 4.909327e-03 3.775514e-03 2.627100e-03 1.942748e-03 2.742705e-03 3.474060e-03 2.592514e-03
1.176803e-03 1.843651e-03 3.318058e-03 2.548583e-03 7.048610e-04 5.647310e-04 1.276073e-11 9.075755e-12 1.377635e-11 3.117669e-12 1.052153e-03 1.561914e-03 1.390333e-03 1.841321e-03 2.130416e-03 2.225013e-03 4.531778e-03 9.311570e-04 4.193713e-03 1.177228e-03 1.473084e-03 3.698275e-04 2.992911e-03 3.432462e-03 3.451899e-03 1.899293e-03 1.976586e-03 1.691812e-03 1.773066e-03 1.426668e-03 2.739786e-03 1.532546e-03 7.000805e-12 2.816188e-03 3.605847e-03 1.109977e-03 1.229793e-03 2.703241e-03 5.555816e-04 1.075544e-03 2.921474e-03 3.188336e-03 2.324510e-03 2.550733e-03 3.342166e-03 1.752041e-03 1.932350e-03 2.821131e-03 3.302186e-03 1.578719e-03
5.482228e-04 7.536075e-04 2.665290e-03 2.270299e-03 2.223216e-04 8.057134e-04 5.796041e-12 8.843388e-12 7.461035e-12 2.144372e-12 1.282755e-03 1.555323e-03 1.074243e-03 1.398390e-03 8.458007e-04 1.469913e-03 1.913758e-03 1.554530e-03 2.641541e-03 1.264004e-03 1.160924e-03 9.648465e-04 1.940059e-03 1.290066e-03 3.128845e-03 1.396091e-03 6.343765e-04 2.048423e-03 1.358059e-03 1.794779e-03 9.374339e-04 1.781732e-03 3.628993e-12 2.210355e-03 2.063479e-03 2.920487e-03 1.256185e-03 2.404487e-03 1.020839e-03 1.435320e-03 1.072474e-03 2.541397e-03 1.539373e-03 3.043202e-03 2.126962e-03 2.035115e-03 1.277303e-03 1.003510e-03 2.812091e-03 1.743970e-03
6.872380e-04 6.512900e-04 1.903336e-03 1.311849e-03 1.185673e-03 2.227895e-04 7.564991e-12 5.267985e-12 4.547654e-12 2.374040e-12 1.182056e-03 9.021398e-04 1.118565e-03 1.044429e-03 8.995472e-04 8.644736e-04 8.328751e-04 9.841843e-04 1.071198e-03 9.311818e-04 8.551352e-04 9.002688e-04 1.620845e-03 1.030744e-03 2.105172e-03 1.077456e-03 9.980791e-04 6.022693e-04 1.300409e-03 2.598441e-04 1.458680e-03 1.018329e-03 8.101922e-11 1.348651e-03 1.542249e-03 1.657499e-03 6.329467e-04 1.978536e-03 6.926258e-04 7.149540e-04 1.111317e-03 2.361847e-03 8.390726e-04 1.611622e-03 1.353119e-03 6.600579e-04 1.136064e-03 1.328579e-03 1.474035e-03 1.285486e-03
2.992172e-04 6.002508e-04 1.252018e-03 4.754218e-04 5.813344e-04 3.055381e-04 5.879575e-12 4.146866e-12 1.596673e-12 9.753131e-13 6.390332e-04 3.916510e-04 6.483616e-04 7.626347e-04 4.688873e-04 4.316843e-04 2.575947e-04 3.905932e-04 6.380170e-04 6.280266e-04 5.002175e-04 4.058875e-04 6.095486e-04 6.030719e-04 9.181816e-04 7.027775e-04 4.315337e-04 6.216875e-04 4.675080e-04 2.830882e-04 6.047094e-04 5.465499e-04 6.588028e-11 7.557245e-04 9.363506e-04 8.177777e-04 4.764391e-04 7.537437e-04 3.419535e-04 6.752425e-04 6.348537e-04 9.208987e-04 1.940861e-04 5.698982e-04 7.937955e-04 6.490283e-04 7.565270e-04 4.939059e-04 7.160649e-04 2.496958e-04
3.697851e-04 2.887644e-04 5.126487e-04 4.778468e-04 1.209413e-04 2.808121e-04 2.125851e-12 1.326585e-12 7.831116e-13 2.992080e-13 3.611711e-04 3.091332e-04 1.203779e-04 3.905935e-04 5.170017e-06 6.367117e-04 6.983329e-04 4.523034e-04 5.680411e-04 3.372864e-04 3.136201e-04 1.877366e-04 3.111559e-04 6.341266e-04 6.707592e-04 5.511471e-04 1.712384e-04 4.029255e-04 4.081465e-04 4.446251e-04 5.552853e-04 5.795503e-04 1.342265e-14 3.771525e-04 5.977130e-04 7.318432e-04 4.507819e-04 3.300571e-04 2.745944e-04 3.952069e-04 4.975284e-04 4.284527e-04 1.854614e-04 3.565000e-04 2.870208e-04 3.307776e-04 3.598870e-04 3.625543e-04 2.399404e-04 1.721355e-04
7.294717e-05 1.102179e-04 2.696566e-04 2.839006e-04 9.848961e-05 1.442055e-04 9.641543e-14 5.056084e-13 2.987979e-13 7.341922e-14 1.899917e-04 1.277660e-04 1.920579e-04 1.632669e-04 1.621102e-04 8.942610e-05 2.589379e-04 2.787748e-04 3.605880e-04 2.671978e-04 1.562537e-04 2.539482e-04 2.838261e-04 2.008269e-04 1.553397e-04 2.602327e-04 3.407466e-04 1.232144e-04 1.919937e-04 1.060927e-04 1.470238e-04 2.026528e-04 4.863353e-13 4.005031e-04 2.601220e-04 2.469672e-04 1.458483e-04 1.401306e-04 2.791961e-04 2.071996e-04 1.904592e-04 2.591531e-04 3.854256e-04 1.853106e-04 2.741889e-04 2.505614e-04 5.593907e-05 2.706576e-04 2.289186e-04 6.357110e-05
8.102415e-05 7.296470e-05 2.209581e-04 1.026641e-04 1.719488e-06 2.277946e-10 0.000000e+00 3.295439e-14 8.656218e-14 3.282429e-14 1.856469e-05 8.678596e-05 7.206920e-05 1.107818e-04 6.632980e-05 1.320827e-04 6.547513e-05 1.984359e-05 8.478433e-05 5.316660e-07 7.270442e-05 1.730576e-04 2.218886e-04 6.832915e-05 1.359164e-04 7.527853e-05 1.314347e-04 9.514920e-05 1.199294e-04 5.413176e-05 9.453115e-05 6.447542e-05 0.000000e+00 1.415621e-04 1.328235e-04 4.837384e-05 7.664071e-05 1.387111e-04 1.436677e-04 1.213325e-04 6.775991e-05 1.890111e-04 7.704198e-05 4.492098e-05 4.755505e-05 4.575433e-05 9.463361e-05 1.152919e-04 1.766333e-04 2.745562e-05
