# Version 0.0
# Data /workdir/Detroit_tune_Project/input/Data/Data__200__pp__BRAHMS_2007_I742956__d07-x01-y01.dat
# Observable: $\frac{1}{2\pi{p_{T}}}\frac{d^2\sigma}{dp_{T}dy}\left[mb(GeV^{-2})c^3\right]$
# Subobservable: $p_T \left[GeV\right]$
# Design Design_Rivet.dat
# design_point1 design_point2 design_point3 design_point4 design_point5 design_point6 design_point7 design_point8 design_point9 design_point10 design_point11 design_point12 design_point13 design_point14 design_point15 design_point16 design_point17 design_point18 design_point19 design_point20 design_point21 design_point22 design_point23 design_point24 design_point25 design_point26 design_point27 design_point28 design_point29 design_point30 design_point31 design_point32 design_point33 design_point34 design_point35 design_point36 design_point37 design_point38 design_point39 design_point40 design_point41 design_point42 design_point43 design_point44 design_point45 design_point46 design_point47 design_point48 design_point49 design_point50
1.847544e-02 2.158965e-02 2.338097e-02 2.396987e-02 2.452163e-02 1.724574e-02 2.405951e-10 2.549548e-11 2.640458e-11 1.842577e-11 2.403587e-02 2.433760e-02 2.435317e-02 2.437761e-02 2.445653e-02 2.434523e-02 4.562418e-02 2.481522e-02 2.555944e-02 2.413194e-02 2.407891e-02 2.424682e-02 2.496394e-02 2.431395e-02 2.502967e-02 2.413568e-02 2.395681e-02 2.419253e-02 2.547194e-02 1.756349e-02 2.538332e-02 2.475045e-02 3.299932e-01 2.430501e-02 2.483396e-02 2.515959e-02 2.463008e-02 2.573122e-02 2.361937e-02 2.454038e-02 2.385927e-02 2.533685e-02 2.432162e-02 2.572152e-02 2.507921e-02 2.423405e-02 2.512923e-02 2.403445e-02 2.439606e-02 2.443760e-02
1.522592e-02 1.786374e-02 1.930520e-02 2.037121e-02 1.924211e-02 1.447866e-02 1.869810e-10 2.133990e-11 2.198747e-11 1.516631e-11 1.953367e-02 2.019784e-02 2.019976e-02 2.068362e-02 1.994231e-02 2.008281e-02 3.702135e-02 2.010480e-02 2.049392e-02 1.989818e-02 2.019961e-02 2.027438e-02 2.048292e-02 2.035930e-02 1.983262e-02 2.014202e-02 1.996895e-02 1.993167e-02 2.079918e-02 1.424758e-02 2.095162e-02 1.997007e-02 2.841135e-01 2.045462e-02 2.031716e-02 2.050902e-02 1.948151e-02 2.126723e-02 1.985771e-02 2.002723e-02 1.947795e-02 2.113476e-02 2.012417e-02 2.052824e-02 2.054001e-02 1.996807e-02 2.018477e-02 2.037903e-02 1.997161e-02 2.002774e-02
1.259268e-02 1.465282e-02 1.596282e-02 1.671538e-02 1.620076e-02 1.183753e-02 1.599737e-10 1.834680e-11 1.801452e-11 1.229648e-11 1.666697e-02 1.608814e-02 1.673056e-02 1.637577e-02 1.639571e-02 1.664877e-02 3.209017e-02 1.637941e-02 1.731323e-02 1.615008e-02 1.630983e-02 1.618064e-02 1.712484e-02 1.662129e-02 1.708565e-02 1.665348e-02 1.652425e-02 1.672648e-02 1.717830e-02 1.169886e-02 1.685137e-02 1.611923e-02 1.323082e-01 1.647665e-02 1.703556e-02 1.702453e-02 1.635592e-02 1.729511e-02 1.692921e-02 1.613912e-02 1.690162e-02 1.745591e-02 1.622543e-02 1.695348e-02 1.655444e-02 1.667140e-02 1.683139e-02 1.675012e-02 1.657670e-02 1.661475e-02
1.025720e-02 1.196317e-02 1.285553e-02 1.369906e-02 1.349727e-02 9.669719e-03 1.204399e-10 1.416557e-11 1.462013e-11 1.032675e-11 1.379494e-02 1.360737e-02 1.378377e-02 1.367285e-02 1.378328e-02 1.376888e-02 2.587171e-02 1.345016e-02 1.425140e-02 1.392912e-02 1.321810e-02 1.399501e-02 1.416718e-02 1.435315e-02 1.407977e-02 1.378155e-02 1.341394e-02 1.359042e-02 1.383870e-02 1.009226e-02 1.428752e-02 1.376007e-02 9.066300e-02 1.384801e-02 1.414154e-02 1.418337e-02 1.336016e-02 1.487911e-02 1.355925e-02 1.370746e-02 1.379148e-02 1.430153e-02 1.378651e-02 1.413362e-02 1.415014e-02 1.356310e-02 1.387795e-02 1.409580e-02 1.350025e-02 1.364865e-02
8.563087e-03 9.576961e-03 1.085390e-02 1.131192e-02 1.147071e-02 7.906943e-03 1.110229e-10 1.228699e-11 1.206400e-11 8.152821e-12 1.107714e-02 1.119820e-02 1.127662e-02 1.191761e-02 1.118398e-02 1.151326e-02 2.224004e-02 1.175811e-02 1.203117e-02 1.152119e-02 1.109584e-02 1.128273e-02 1.167794e-02 1.144942e-02 1.160396e-02 1.138266e-02 1.116573e-02 1.164583e-02 1.202520e-02 8.354212e-03 1.157344e-02 1.114886e-02 1.330963e-01 1.130551e-02 1.171366e-02 1.175269e-02 1.133800e-02 1.180730e-02 1.121360e-02 1.121230e-02 1.125328e-02 1.208335e-02 1.147103e-02 1.230726e-02 1.133894e-02 1.118426e-02 1.126364e-02 1.132097e-02 1.139516e-02 1.153548e-02
7.345463e-03 8.209387e-03 9.210043e-03 9.865479e-03 8.942569e-03 6.365439e-03 9.101751e-11 1.010023e-11 1.024744e-11 6.441987e-12 9.159154e-03 9.253699e-03 9.515496e-03 9.414312e-03 9.038806e-03 9.897659e-03 1.799911e-02 9.253800e-03 9.811561e-03 9.370737e-03 9.583780e-03 9.570706e-03 9.656363e-03 9.839716e-03 9.661715e-03 9.664276e-03 9.335054e-03 9.261586e-03 9.753586e-03 6.972260e-03 9.612660e-03 9.393895e-03 9.159468e-02 9.923047e-03 9.583922e-03 9.951449e-03 9.405026e-03 9.882475e-03 9.342736e-03 9.389950e-03 9.277309e-03 1.008566e-02 9.478471e-03 9.780125e-03 9.375704e-03 9.640907e-03 9.066460e-03 9.483596e-03 9.839542e-03 9.350578e-03
5.990886e-03 6.806068e-03 7.717692e-03 8.138836e-03 7.420616e-03 5.570026e-03 6.313175e-11 8.599055e-12 8.478521e-12 5.581143e-12 7.785404e-03 7.590340e-03 7.966795e-03 7.714065e-03 7.943073e-03 7.915959e-03 1.533965e-02 7.671168e-03 8.247010e-03 7.843336e-03 8.200961e-03 7.799676e-03 8.434838e-03 7.943619e-03 8.306820e-03 8.030985e-03 7.598874e-03 7.875796e-03 8.315638e-03 5.600888e-03 8.290632e-03 8.011938e-03 4.594508e-02 7.929372e-03 8.138112e-03 8.219174e-03 7.778469e-03 7.782997e-03 7.863751e-03 7.672963e-03 7.904601e-03 8.161589e-03 7.593215e-03 8.603817e-03 8.194293e-03 8.008162e-03 7.884703e-03 8.232239e-03 7.918117e-03 7.902748e-03
5.048113e-03 5.791469e-03 6.445004e-03 7.002381e-03 6.780256e-03 4.353901e-03 6.319442e-11 7.270234e-12 7.108747e-12 4.503180e-12 6.663658e-03 6.614550e-03 6.557771e-03 6.646165e-03 6.404683e-03 6.403500e-03 1.317119e-02 6.564332e-03 7.070142e-03 6.453211e-03 6.673572e-03 6.256103e-03 7.108260e-03 6.394763e-03 6.867031e-03 6.609620e-03 6.551127e-03 6.301508e-03 6.713521e-03 4.901487e-03 6.966031e-03 6.680933e-03 5.969663e-02 7.064702e-03 7.095767e-03 6.719351e-03 6.247983e-03 7.092917e-03 6.464244e-03 6.298073e-03 6.787037e-03 6.867876e-03 6.280735e-03 7.058655e-03 6.893004e-03 6.984367e-03 6.914933e-03 6.679708e-03 6.662084e-03 6.570380e-03
3.951470e-03 4.795106e-03 5.478709e-03 5.934240e-03 5.690720e-03 3.991321e-03 4.641573e-11 6.503130e-12 5.907297e-12 3.996597e-12 5.343701e-03 5.425893e-03 5.479346e-03 5.661944e-03 5.365516e-03 5.565687e-03 1.003707e-02 5.414379e-03 5.992007e-03 5.732058e-03 5.541039e-03 5.516229e-03 5.575953e-03 5.470397e-03 5.917289e-03 5.153421e-03 5.354304e-03 5.508881e-03 5.686684e-03 3.986327e-03 5.745084e-03 5.596356e-03 6.975996e-02 6.145519e-03 5.961326e-03 5.720648e-03 5.579952e-03 5.940654e-03 5.749627e-03 5.428561e-03 5.369250e-03 5.839993e-03 5.388183e-03 6.141505e-03 5.776935e-03 5.484918e-03 5.462649e-03 5.758283e-03 5.635696e-03 5.180145e-03
3.190563e-03 3.960303e-03 4.856039e-03 4.809817e-03 4.056584e-03 3.163337e-03 4.201156e-11 5.569624e-12 5.198881e-12 3.201268e-12 4.397291e-03 4.561489e-03 4.575807e-03 4.515558e-03 4.562633e-03 4.780506e-03 9.302510e-03 4.329398e-03 5.030403e-03 4.398952e-03 4.567893e-03 4.280751e-03 5.063470e-03 4.690697e-03 4.943259e-03 4.639862e-03 4.545823e-03 4.196137e-03 4.871766e-03 3.611269e-03 4.922282e-03 4.485419e-03 2.646088e-02 5.064549e-03 5.099220e-03 5.121142e-03 4.511529e-03 4.917194e-03 4.242550e-03 4.472754e-03 4.516109e-03 5.186590e-03 4.617219e-03 4.832105e-03 4.812167e-03 4.802910e-03 4.274130e-03 4.699427e-03 4.900277e-03 4.602152e-03
2.845149e-03 3.441555e-03 3.921722e-03 4.020604e-03 4.023586e-03 2.808958e-03 2.517085e-11 4.444653e-12 4.589181e-12 2.349949e-12 3.870636e-03 4.003953e-03 3.934878e-03 3.877139e-03 3.805452e-03 3.581882e-03 8.406568e-03 4.002388e-03 4.150609e-03 4.008950e-03 4.079428e-03 3.676537e-03 3.951789e-03 3.864600e-03 4.311212e-03 4.124405e-03 3.922536e-03 3.518665e-03 4.223003e-03 2.843234e-03 4.094353e-03 3.810502e-03 5.033258e-02 4.262949e-03 4.337679e-03 4.190159e-03 3.902138e-03 4.509824e-03 3.638763e-03 3.675425e-03 3.953564e-03 4.175499e-03 3.807962e-03 4.312281e-03 4.130655e-03 4.016707e-03 3.817602e-03 3.912823e-03 4.447075e-03 3.669171e-03
1.648100e-03 1.875102e-03 2.291906e-03 2.341318e-03 2.331704e-03 1.545784e-03 1.946118e-11 2.583956e-12 2.597076e-12 1.432695e-12 2.099083e-03 2.070796e-03 2.116240e-03 2.276368e-03 2.026253e-03 2.130970e-03 4.421107e-03 2.163545e-03 2.426151e-03 2.159299e-03 2.106174e-03 2.157056e-03 2.213162e-03 2.136930e-03 2.283082e-03 2.263599e-03 2.118205e-03 2.027558e-03 2.371960e-03 1.785317e-03 2.307780e-03 2.121820e-03 3.343738e-02 2.480860e-03 2.390461e-03 2.387052e-03 2.153844e-03 2.428683e-03 2.005933e-03 2.122030e-03 2.132914e-03 2.355407e-03 2.139979e-03 2.458336e-03 2.390140e-03 1.946098e-03 2.185909e-03 2.212909e-03 2.295335e-03 2.035790e-03
1.213463e-03 1.275602e-03 1.791001e-03 1.704195e-03 1.507375e-03 9.886802e-04 1.137973e-11 1.965553e-12 1.838364e-12 1.190207e-12 1.557027e-03 1.431167e-03 1.503982e-03 1.442571e-03 1.464616e-03 1.375548e-03 2.940983e-03 1.725516e-03 1.696737e-03 1.503105e-03 1.475633e-03 1.425650e-03 1.709368e-03 1.662948e-03 1.817625e-03 1.661111e-03 1.552590e-03 1.348721e-03 1.854861e-03 1.302562e-03 1.592055e-03 1.599092e-03 1.910018e-02 1.841159e-03 1.842835e-03 1.869794e-03 1.512139e-03 1.763981e-03 1.452048e-03 1.511610e-03 1.508016e-03 1.775968e-03 1.497823e-03 1.731174e-03 1.723614e-03 1.487392e-03 1.500198e-03 1.620560e-03 1.634643e-03 1.537005e-03
8.556747e-04 9.674127e-04 1.272305e-03 1.339518e-03 1.330052e-03 7.931762e-04 1.086361e-11 1.373104e-12 1.371440e-12 7.711797e-13 1.164590e-03 1.067347e-03 1.125341e-03 1.212791e-03 1.111452e-03 1.029696e-03 2.426766e-03 1.151997e-03 1.267887e-03 1.135272e-03 1.188687e-03 1.035355e-03 1.203608e-03 1.218640e-03 1.327111e-03 1.167791e-03 1.142002e-03 1.070914e-03 1.341050e-03 9.260938e-04 1.250568e-03 1.101966e-03 1.459000e-02 1.395797e-03 1.457375e-03 1.399097e-03 1.205750e-03 1.360241e-03 1.068686e-03 1.023875e-03 1.089027e-03 1.315618e-03 1.194356e-03 1.415619e-03 1.350974e-03 1.084631e-03 1.206592e-03 1.184265e-03 1.350480e-03 1.123267e-03
6.630505e-04 6.709584e-04 9.724156e-04 1.013081e-03 9.063993e-04 5.319634e-04 7.813004e-12 9.335594e-13 1.031472e-12 6.484412e-13 8.512501e-04 8.211495e-04 8.176570e-04 9.135142e-04 8.731185e-04 8.189091e-04 1.985120e-03 8.996249e-04 9.500688e-04 7.955722e-04 8.776667e-04 7.813594e-04 1.030523e-03 9.032189e-04 1.045405e-03 9.636410e-04 8.340834e-04 7.755387e-04 1.050760e-03 7.528239e-04 1.031510e-03 8.603293e-04 9.124308e-03 1.058962e-03 1.097568e-03 1.098643e-03 8.773483e-04 9.830051e-04 8.490490e-04 9.207054e-04 7.013977e-04 1.095860e-03 8.717630e-04 1.006618e-03 9.329657e-04 8.563100e-04 7.899564e-04 9.916301e-04 9.838960e-04 7.181082e-04
4.997727e-04 5.596559e-04 8.054252e-04 7.503912e-04 5.987449e-04 4.540535e-04 5.094523e-12 8.380730e-13 6.212978e-13 4.930559e-13 5.737306e-04 6.216106e-04 7.035093e-04 6.351198e-04 5.988422e-04 7.442142e-04 1.315969e-03 6.710336e-04 7.490842e-04 5.802788e-04 6.779796e-04 7.045029e-04 7.538218e-04 6.322853e-04 9.030981e-04 7.065053e-04 6.732058e-04 6.040434e-04 8.074638e-04 5.988108e-04 7.823817e-04 6.293310e-04 1.582569e-12 8.854094e-04 7.657200e-04 7.984300e-04 6.809605e-04 8.245627e-04 5.757000e-04 6.020796e-04 5.809838e-04 8.747280e-04 6.892573e-04 8.340049e-04 7.826706e-04 6.424016e-04 6.787925e-04 7.252468e-04 8.364216e-04 6.790993e-04
3.411995e-04 4.236415e-04 6.246000e-04 6.280423e-04 5.618519e-04 2.724393e-04 2.811117e-13 5.214594e-13 4.898334e-13 3.559621e-13 4.572882e-04 5.237493e-04 4.526131e-04 5.996587e-04 4.823495e-04 4.722630e-04 9.108865e-04 4.176174e-04 6.194414e-04 5.110388e-04 4.887924e-04 4.111378e-04 5.720713e-04 5.484292e-04 6.221169e-04 6.058871e-04 5.786953e-04 4.395540e-04 6.606671e-04 5.135557e-04 5.626272e-04 5.079206e-04 8.464973e-03 7.163201e-04 6.053651e-04 6.571791e-04 5.193039e-04 7.025348e-04 5.833064e-04 4.937947e-04 4.567017e-04 6.462714e-04 3.911572e-04 6.750905e-04 6.144704e-04 4.818719e-04 4.687378e-04 4.841909e-04 5.870757e-04 4.197505e-04
2.948311e-04 3.183242e-04 4.754935e-04 4.656358e-04 4.661897e-04 3.033368e-04 7.157632e-15 3.273787e-13 4.557736e-13 1.994786e-13 3.615180e-04 3.647487e-04 3.568450e-04 4.467812e-04 4.500869e-04 4.095968e-04 9.511733e-04 3.497285e-04 4.068339e-04 4.023364e-04 4.335943e-04 3.565900e-04 5.120102e-04 4.292738e-04 5.564249e-04 4.318120e-04 3.894859e-04 4.120584e-04 4.566856e-04 3.418683e-04 4.272430e-04 4.727418e-04 4.223072e-09 5.982590e-04 5.246580e-04 5.223575e-04 2.893369e-04 4.980003e-04 3.751257e-04 3.870626e-04 3.245992e-04 5.652190e-04 3.390769e-04 4.924866e-04 4.822870e-04 4.290281e-04 5.009058e-04 5.457237e-04 5.082371e-04 3.980123e-04
2.545433e-04 2.580223e-04 4.112809e-04 4.627430e-04 3.746335e-04 1.851917e-04 2.017318e-13 2.900013e-13 3.470552e-13 1.141820e-13 2.701876e-04 3.140852e-04 3.449261e-04 3.648401e-04 3.635332e-04 3.745577e-04 9.087014e-04 3.002742e-04 3.986563e-04 3.092939e-04 2.287592e-04 2.101555e-04 3.559516e-04 2.715820e-04 4.197527e-04 3.132839e-04 2.825008e-04 3.094640e-04 4.619294e-04 2.497654e-04 4.230939e-04 4.009474e-04 3.000291e-12 5.163448e-04 3.819597e-04 4.084431e-04 2.907221e-04 4.325040e-04 3.055126e-04 3.009185e-04 3.624202e-04 4.887635e-04 2.860180e-04 4.825225e-04 4.011489e-04 2.937228e-04 4.055590e-04 3.738363e-04 3.361761e-04 2.625503e-04
1.850695e-04 2.042298e-04 3.650367e-04 2.908538e-04 2.413780e-04 1.880625e-04 2.345083e-12 2.558810e-13 3.132482e-13 1.784214e-13 2.905836e-04 2.330453e-04 2.760543e-04 3.030254e-04 2.391387e-04 2.994419e-04 6.118347e-04 2.267633e-04 2.864867e-04 2.770034e-04 1.256233e-04 3.203740e-04 2.767622e-04 2.719459e-04 3.609953e-04 3.027246e-04 2.907558e-04 2.088153e-04 3.084367e-04 2.356740e-04 2.642458e-04 1.917979e-04 6.685661e-03 3.374290e-04 2.944701e-04 3.805032e-04 2.117803e-04 2.669830e-04 2.468791e-04 2.807477e-04 2.908763e-04 2.619940e-04 3.292911e-04 3.992915e-04 2.897401e-04 3.393666e-04 2.384104e-04 3.316047e-04 3.604147e-04 1.927081e-04
1.497140e-04 1.753785e-04 2.359357e-04 2.485424e-04 1.082675e-05 1.220225e-04 2.224793e-12 1.130111e-13 2.033956e-13 3.065909e-15 2.373641e-04 2.395427e-04 2.214896e-04 2.401743e-04 2.175305e-04 1.677635e-04 4.348837e-04 1.448725e-04 2.175275e-04 1.969755e-04 1.570843e-04 1.655925e-04 2.296288e-04 1.819934e-04 2.475394e-04 2.310132e-04 1.578657e-04 2.214817e-04 2.858608e-04 2.367316e-04 2.026226e-04 1.909600e-04 0.000000e+00 2.584045e-04 2.003167e-04 3.009907e-04 2.243245e-04 2.650188e-04 1.455483e-04 2.208707e-04 1.748409e-04 2.362584e-04 1.183730e-04 2.978793e-04 2.238618e-04 2.325281e-04 1.920000e-04 1.742761e-04 3.059217e-04 1.360963e-04
6.501616e-05 9.994186e-05 1.390676e-04 1.408039e-04 1.399456e-04 8.868597e-05 9.841340e-13 8.401460e-14 8.174761e-14 5.077411e-14 9.593376e-05 1.120671e-04 1.409515e-04 1.337912e-04 1.263348e-04 1.388582e-04 1.950736e-04 1.179402e-04 1.662500e-04 1.440263e-04 1.316427e-04 1.056227e-04 1.523289e-04 1.335204e-04 1.607456e-04 1.278040e-04 1.118253e-04 8.020309e-05 1.452827e-04 8.837142e-05 1.024162e-04 9.292558e-05 0.000000e+00 1.619010e-04 1.510772e-04 1.383440e-04 9.454646e-05 1.582364e-04 1.197939e-04 1.194442e-04 1.191661e-04 1.586589e-04 1.141898e-04 1.432675e-04 1.216819e-04 1.294514e-04 1.169564e-04 1.308763e-04 1.491933e-04 1.098411e-04
6.901269e-05 8.220669e-05 8.532544e-05 9.974198e-05 1.038034e-04 6.635663e-05 0.000000e+00 3.665429e-14 5.343605e-14 0.000000e+00 9.784876e-05 5.200752e-05 1.161964e-04 8.868908e-05 8.449605e-05 7.225691e-05 1.082450e-04 7.238975e-05 1.246554e-04 6.812683e-05 7.650306e-05 8.749141e-05 8.726147e-05 1.042730e-04 1.125731e-04 9.041654e-05 6.350976e-05 6.540210e-05 5.266282e-05 9.312640e-05 9.027505e-05 7.614073e-05 2.746275e-03 8.599830e-05 8.140283e-05 1.301236e-04 7.839962e-05 7.451496e-05 7.298340e-05 8.306232e-05 9.454173e-05 1.060854e-04 5.277575e-05 1.198815e-04 9.405455e-05 9.536471e-05 7.716273e-05 1.097046e-04 1.223557e-04 7.208033e-05
4.821088e-05 4.872485e-05 8.737793e-05 7.361881e-05 7.356797e-05 4.236697e-05 0.000000e+00 1.843644e-15 0.000000e+00 0.000000e+00 5.291069e-05 7.560613e-05 4.162550e-05 6.165967e-05 3.857802e-05 5.428030e-05 1.402042e-04 4.785803e-05 7.315502e-05 5.709555e-05 5.950248e-05 5.949459e-05 7.451852e-05 6.739119e-05 8.499224e-05 5.376522e-05 7.507586e-05 5.810371e-05 8.877245e-05 6.812487e-05 5.949116e-05 7.881449e-05 0.000000e+00 7.435140e-05 9.975481e-05 7.418595e-05 6.923118e-05 6.514054e-05 7.659590e-07 4.406600e-05 4.423661e-05 9.061066e-05 2.927593e-05 5.449832e-05 7.895898e-05 7.303524e-05 7.675723e-05 5.277004e-05 7.358734e-05 6.469280e-05
1.891433e-05 1.586765e-05 3.705886e-05 3.471664e-05 2.398752e-05 1.766384e-05 3.800624e-13 2.072045e-14 0.000000e+00 0.000000e+00 2.676238e-05 1.573628e-05 2.540780e-05 3.187295e-05 2.747844e-05 3.606028e-05 5.202134e-05 1.507044e-05 2.060243e-05 2.326179e-05 2.088577e-05 2.677792e-05 8.444852e-07 3.670122e-05 4.777438e-05 3.496084e-05 1.862475e-05 3.894207e-05 2.921375e-05 1.635426e-05 2.943261e-05 3.420673e-05 0.000000e+00 3.594023e-05 4.049200e-05 3.527983e-05 3.359437e-05 2.140185e-05 4.180963e-05 3.035368e-05 2.672120e-05 3.114728e-05 3.299166e-05 3.764628e-05 4.032518e-05 1.080299e-05 2.568820e-05 3.793329e-05 3.407198e-05 2.984167e-05
