# Version 0.0
# Data /workdir/Detroit_tune_Project/input/Data/Data__200__pp__STAR_2003_I631869__d01-x01-y01.dat
# Observable: $E\frac{d^3\sigma}{dp^3}$ ($\mu b c^3/GeV^2$)
# Subobservable: Leading $E_\pi$ (GeV)
# Design Design_Rivet.dat
# design_point1 design_point2 design_point3 design_point4 design_point5 design_point6 design_point7 design_point8 design_point9 design_point10 design_point11 design_point12 design_point13 design_point14 design_point15 design_point16 design_point17 design_point18
3.782611e-02 3.484646e-02 6.217249e-02 4.325765e-02 3.743617e-02 1.537372e-01 3.727262e-02 3.533637e-02 3.482789e-02 3.758632e-02 3.468984e-02 3.446864e-02 3.577875e-02 4.305109e-02 4.541666e-02 6.100896e-02 4.466214e-02 3.647626e-02
2.527118e-02 2.256463e-02 4.062835e-02 2.752521e-02 2.539773e-02 1.019012e-01 2.519280e-02 2.280394e-02 2.279421e-02 2.536054e-02 2.250678e-02 2.232967e-02 2.340792e-02 2.814429e-02 3.043454e-02 3.940607e-02 3.014644e-02 2.392152e-02
1.688273e-02 1.483148e-02 2.660004e-02 1.832333e-02 1.744881e-02 6.788457e-02 1.682455e-02 1.506051e-02 1.511896e-02 1.663913e-02 1.463275e-02 1.435915e-02 1.554279e-02 1.809237e-02 2.083732e-02 2.539937e-02 2.013980e-02 1.584575e-02
1.129667e-02 9.583838e-03 1.830910e-02 1.193127e-02 1.163568e-02 4.429717e-02 1.137849e-02 9.756085e-03 9.868003e-03 1.130310e-02 9.606368e-03 9.871704e-03 1.062859e-02 1.229450e-02 1.392308e-02 1.721631e-02 1.370287e-02 1.051807e-02
7.570195e-03 6.432577e-03 1.263599e-02 7.987286e-03 8.039445e-03 3.147499e-02 7.582258e-03 6.806604e-03 6.752378e-03 7.570874e-03 6.512659e-03 6.068376e-03 6.875184e-03 8.470162e-03 1.005433e-02 1.235117e-02 9.227537e-03 7.073210e-03
