# Version 0.0
# Data /workdir/Detroit_tune_Project/input/Data/Data__200__pp__BRAHMS_2007_I742956__d01-x01-y01.dat
# Observable: $\frac{1}{2\pi\bar{p_{T}}}\frac{d^2\sigma}{dp_{T}dy}\left[mb(GeV^{-2})c^3\right]$
# Subobservable: $p_T \left[GeV\right]$
# Design Design_Rivet.dat
# design_point1 design_point2 design_point3 design_point4 design_point5 design_point6 design_point7 design_point8 design_point9 design_point10 design_point11 design_point12 design_point13 design_point14 design_point15 design_point16 design_point17 design_point18 design_point19 design_point20 design_point21 design_point22 design_point23 design_point24 design_point25 design_point26 design_point27 design_point28 design_point29 design_point30 design_point31 design_point32 design_point33 design_point34 design_point35 design_point36 design_point37 design_point38 design_point39 design_point40 design_point41 design_point42 design_point43 design_point44 design_point45 design_point46 design_point47 design_point48 design_point49 design_point50
2.919901e-02 3.401464e-02 4.336376e-02 4.408087e-02 4.367902e-02 2.732954e-02 4.868723e-10 4.528151e-11 4.611329e-11 3.767673e-11 3.811260e-02 3.815755e-02 3.981311e-02 3.941942e-02 3.848461e-02 3.897280e-02 8.359445e-02 3.888481e-02 4.401733e-02 3.848702e-02 3.907317e-02 3.799760e-02 4.134930e-02 3.998979e-02 4.569310e-02 4.117446e-02 3.800287e-02 3.835361e-02 4.648561e-02 3.259724e-02 4.100539e-02 3.885467e-02 4.800029e-01 4.629854e-02 4.564366e-02 4.645269e-02 3.825059e-02 4.468840e-02 3.787408e-02 3.828768e-02 3.865939e-02 4.553905e-02 3.927978e-02 4.414479e-02 4.469676e-02 3.924491e-02 3.897805e-02 4.251924e-02 4.220030e-02 3.776294e-02
2.401289e-02 2.758861e-02 3.548880e-02 3.650013e-02 3.577475e-02 2.221062e-02 3.846544e-10 3.730850e-11 3.765003e-11 2.948501e-11 3.096867e-02 3.145648e-02 3.200279e-02 3.297044e-02 3.140858e-02 3.136567e-02 6.780479e-02 3.137082e-02 3.544858e-02 3.130787e-02 3.149055e-02 3.130755e-02 3.440292e-02 3.303971e-02 3.818712e-02 3.371421e-02 3.122180e-02 3.143602e-02 3.806861e-02 2.607989e-02 3.377732e-02 3.189228e-02 3.599760e-01 3.794691e-02 3.700114e-02 3.762313e-02 3.150609e-02 3.541397e-02 3.135467e-02 3.192840e-02 3.195061e-02 3.678965e-02 3.190609e-02 3.625082e-02 3.649121e-02 3.164485e-02 3.182443e-02 3.369196e-02 3.561266e-02 3.173099e-02
1.968126e-02 2.246630e-02 3.009439e-02 2.923532e-02 2.900891e-02 1.854057e-02 3.168015e-10 3.107282e-11 3.058407e-11 2.382690e-11 2.668202e-02 2.558242e-02 2.680988e-02 2.754277e-02 2.563081e-02 2.610006e-02 5.673843e-02 2.657147e-02 2.893501e-02 2.549710e-02 2.644913e-02 2.602246e-02 2.838260e-02 2.716805e-02 3.051703e-02 2.812643e-02 2.604590e-02 2.563094e-02 3.151261e-02 2.181911e-02 2.788774e-02 2.642346e-02 3.207310e-01 3.124600e-02 3.105995e-02 3.147947e-02 2.587703e-02 2.972657e-02 2.617834e-02 2.641544e-02 2.593704e-02 2.993815e-02 2.567102e-02 2.998636e-02 3.030679e-02 2.654190e-02 2.605027e-02 2.825361e-02 2.854593e-02 2.539302e-02
1.604217e-02 1.905858e-02 2.467031e-02 2.477670e-02 2.396836e-02 1.497465e-02 2.656826e-10 2.551731e-11 2.544232e-11 2.041563e-11 2.084685e-02 2.107389e-02 2.186074e-02 2.191348e-02 2.150326e-02 2.178217e-02 4.493941e-02 2.225546e-02 2.409710e-02 2.122466e-02 2.148448e-02 2.153390e-02 2.330710e-02 2.264583e-02 2.541787e-02 2.272662e-02 2.131862e-02 2.114300e-02 2.668884e-02 1.793729e-02 2.217862e-02 2.142155e-02 2.534262e-01 2.637173e-02 2.554222e-02 2.579019e-02 2.142599e-02 2.484643e-02 2.165475e-02 2.133360e-02 2.138553e-02 2.497460e-02 2.161830e-02 2.459445e-02 2.500669e-02 2.114252e-02 2.199348e-02 2.314701e-02 2.380404e-02 2.109557e-02
1.378176e-02 1.530912e-02 1.981861e-02 2.054746e-02 2.011514e-02 1.250621e-02 2.229775e-10 2.119898e-11 2.051324e-11 1.637406e-11 1.754363e-02 1.782386e-02 1.842344e-02 1.853277e-02 1.781647e-02 1.780004e-02 3.768161e-02 1.782768e-02 2.019309e-02 1.757681e-02 1.796457e-02 1.780416e-02 1.932362e-02 1.880286e-02 2.117006e-02 1.873229e-02 1.805327e-02 1.748829e-02 2.164107e-02 1.537775e-02 1.852709e-02 1.810462e-02 2.332188e-01 2.158079e-02 2.104313e-02 2.166386e-02 1.758538e-02 2.026476e-02 1.760834e-02 1.777048e-02 1.862570e-02 2.095016e-02 1.807062e-02 2.058092e-02 2.088379e-02 1.801865e-02 1.814767e-02 1.947942e-02 1.964255e-02 1.775357e-02
1.092051e-02 1.304257e-02 1.735769e-02 1.725093e-02 1.714624e-02 1.050472e-02 1.797779e-10 1.754636e-11 1.770979e-11 1.350515e-11 1.444548e-02 1.440518e-02 1.503169e-02 1.478229e-02 1.454531e-02 1.497495e-02 3.384316e-02 1.498762e-02 1.712501e-02 1.453597e-02 1.473790e-02 1.415653e-02 1.579604e-02 1.527955e-02 1.790986e-02 1.597179e-02 1.474753e-02 1.464994e-02 1.846773e-02 1.259723e-02 1.622464e-02 1.486710e-02 1.905132e-01 1.797996e-02 1.818530e-02 1.818706e-02 1.479158e-02 1.714807e-02 1.473222e-02 1.510027e-02 1.492800e-02 1.784593e-02 1.490311e-02 1.727544e-02 1.720973e-02 1.471915e-02 1.528065e-02 1.605007e-02 1.688391e-02 1.432883e-02
9.354239e-03 1.062747e-02 1.437954e-02 1.415393e-02 1.425418e-02 8.668040e-03 1.408076e-10 1.441877e-11 1.486443e-11 1.204682e-11 1.205843e-02 1.221372e-02 1.258790e-02 1.301937e-02 1.233523e-02 1.240870e-02 2.713536e-02 1.246192e-02 1.419578e-02 1.212775e-02 1.213835e-02 1.211744e-02 1.350653e-02 1.263791e-02 1.525272e-02 1.353335e-02 1.237720e-02 1.194170e-02 1.462202e-02 1.043734e-02 1.324707e-02 1.230354e-02 1.556171e-01 1.506186e-02 1.480556e-02 1.539927e-02 1.224289e-02 1.464292e-02 1.189912e-02 1.236450e-02 1.242078e-02 1.503612e-02 1.230143e-02 1.444765e-02 1.507696e-02 1.238362e-02 1.276371e-02 1.350880e-02 1.365996e-02 1.206197e-02
7.813826e-03 8.702281e-03 1.231395e-02 1.244622e-02 1.225734e-02 7.142972e-03 1.197186e-10 1.244752e-11 1.204470e-11 9.615661e-12 1.003698e-02 1.026623e-02 1.058530e-02 1.084429e-02 1.024089e-02 1.033188e-02 2.333681e-02 1.084444e-02 1.178988e-02 1.021247e-02 1.042569e-02 1.014533e-02 1.127423e-02 1.100196e-02 1.283281e-02 1.125622e-02 1.019383e-02 1.008563e-02 1.296034e-02 8.820409e-03 1.089320e-02 1.021615e-02 1.014045e-01 1.271357e-02 1.248337e-02 1.335318e-02 1.004507e-02 1.250522e-02 1.030459e-02 1.048115e-02 1.057253e-02 1.253807e-02 1.058849e-02 1.228432e-02 1.237891e-02 1.062903e-02 1.086636e-02 1.112906e-02 1.187340e-02 1.002349e-02
6.333466e-03 7.745246e-03 1.047977e-02 1.038046e-02 9.914750e-03 5.970132e-03 1.011776e-10 1.028466e-11 1.057805e-11 7.366595e-12 8.611801e-03 8.465306e-03 8.920267e-03 9.138652e-03 8.652936e-03 8.862557e-03 1.885031e-02 8.735007e-03 1.005445e-02 8.512994e-03 8.850199e-03 8.476322e-03 9.652384e-03 9.190176e-03 1.070633e-02 9.490420e-03 8.673863e-03 8.315721e-03 1.090769e-02 7.633474e-03 9.415001e-03 9.086070e-03 8.111672e-02 1.114103e-02 1.097216e-02 1.087114e-02 8.569250e-03 1.078028e-02 8.510090e-03 8.627908e-03 8.796958e-03 1.113473e-02 8.681031e-03 1.048918e-02 1.067379e-02 8.862872e-03 8.920698e-03 9.551743e-03 1.006788e-02 8.660764e-03
5.445533e-03 6.365958e-03 8.831728e-03 9.062218e-03 8.157362e-03 5.161625e-03 9.223456e-11 8.538846e-12 8.675437e-12 6.559520e-12 7.105780e-03 6.999516e-03 7.439742e-03 7.522585e-03 7.323219e-03 7.489521e-03 1.644241e-02 7.380426e-03 8.796342e-03 7.173511e-03 7.194671e-03 6.989370e-03 7.834462e-03 7.806988e-03 9.345676e-03 7.871161e-03 7.354929e-03 6.937845e-03 9.468857e-03 6.140730e-03 7.750391e-03 7.680502e-03 8.582001e-02 9.282724e-03 9.358220e-03 9.135272e-03 7.183396e-03 8.450232e-03 6.767793e-03 7.377149e-03 7.347200e-03 9.183545e-03 7.578984e-03 8.972906e-03 8.832124e-03 7.193935e-03 7.283481e-03 8.193843e-03 8.379809e-03 6.926112e-03
4.482852e-03 5.367605e-03 7.770111e-03 7.357801e-03 7.152777e-03 4.479271e-03 6.938624e-11 7.513971e-12 7.752866e-12 5.356842e-12 5.983594e-03 5.566268e-03 6.441375e-03 6.594216e-03 5.923043e-03 6.207140e-03 1.398914e-02 6.397455e-03 7.341127e-03 6.321222e-03 6.289678e-03 6.237694e-03 7.106186e-03 6.555168e-03 7.908486e-03 6.575259e-03 6.369537e-03 5.720533e-03 7.956498e-03 5.621208e-03 6.582751e-03 6.159734e-03 8.507526e-02 8.143433e-03 7.666057e-03 8.225302e-03 5.843245e-03 7.652928e-03 5.639530e-03 5.925454e-03 6.256812e-03 7.862865e-03 6.369855e-03 7.481528e-03 7.756710e-03 6.129641e-03 6.543368e-03 6.928207e-03 7.121806e-03 6.204827e-03
4.037377e-03 4.364501e-03 6.576694e-03 6.573050e-03 6.066529e-03 3.653513e-03 6.656425e-11 6.356596e-12 5.963736e-12 4.737396e-12 5.361391e-03 5.055475e-03 5.300221e-03 5.347474e-03 5.300977e-03 5.272491e-03 1.210649e-02 5.417524e-03 6.297240e-03 4.993335e-03 5.219982e-03 5.052728e-03 5.743472e-03 5.590263e-03 6.948851e-03 5.765309e-03 4.961577e-03 4.902241e-03 7.071290e-03 4.594408e-03 5.894466e-03 4.976053e-03 3.667667e-02 7.037214e-03 6.637092e-03 7.051020e-03 5.023640e-03 6.467254e-03 4.997217e-03 5.335753e-03 5.151827e-03 6.816801e-03 5.201567e-03 6.665112e-03 6.605677e-03 5.450553e-03 5.250653e-03 5.645570e-03 6.392070e-03 5.199619e-03
3.404132e-03 3.747240e-03 5.828052e-03 5.616931e-03 5.508636e-03 3.138503e-03 5.819455e-11 5.027228e-12 5.426168e-12 4.271280e-12 4.139488e-03 4.200914e-03 4.626926e-03 4.737328e-03 4.083874e-03 4.658472e-03 9.811487e-03 4.502968e-03 5.599037e-03 4.360409e-03 4.394837e-03 4.264530e-03 5.291956e-03 4.776887e-03 5.746272e-03 4.878159e-03 4.251676e-03 4.205454e-03 6.072767e-03 4.242642e-03 4.566036e-03 4.599745e-03 6.347686e-02 6.098816e-03 5.865398e-03 5.913453e-03 4.468342e-03 5.205147e-03 4.258326e-03 4.141930e-03 4.640866e-03 5.505130e-03 4.200467e-03 5.536069e-03 5.623509e-03 4.360532e-03 4.354694e-03 4.942029e-03 5.381015e-03 4.165256e-03
1.893215e-03 2.065378e-03 3.301026e-03 3.274272e-03 3.024854e-03 1.723434e-03 2.981997e-11 2.916165e-12 2.791871e-12 1.972388e-12 2.440339e-03 2.414224e-03 2.598168e-03 2.705202e-03 2.390089e-03 2.535969e-03 5.849015e-03 2.617489e-03 2.971717e-03 2.320350e-03 2.429476e-03 2.536191e-03 2.876814e-03 2.720124e-03 3.397136e-03 2.865529e-03 2.567462e-03 2.259992e-03 3.423153e-03 2.421501e-03 2.846041e-03 2.539954e-03 3.198709e-02 3.402219e-03 3.306263e-03 3.470213e-03 2.475762e-03 3.163416e-03 2.488153e-03 2.622127e-03 2.453577e-03 3.328999e-03 2.532584e-03 3.349027e-03 3.228391e-03 2.589516e-03 2.562213e-03 2.683395e-03 3.120069e-03 2.390555e-03
1.363857e-03 1.615277e-03 2.392483e-03 2.459121e-03 2.405294e-03 1.307774e-03 2.189091e-11 2.134187e-12 2.248246e-12 1.478344e-12 1.837237e-03 1.836486e-03 1.970548e-03 1.954602e-03 1.837290e-03 1.836584e-03 4.529401e-03 1.908784e-03 2.184937e-03 1.963658e-03 1.815132e-03 1.944408e-03 2.318855e-03 2.092869e-03 2.596285e-03 2.152661e-03 1.861918e-03 1.772988e-03 2.638514e-03 1.832084e-03 2.117993e-03 1.842877e-03 2.388345e-02 2.628916e-03 2.774854e-03 2.750633e-03 1.768514e-03 2.366993e-03 1.731624e-03 1.903449e-03 1.876948e-03 2.459661e-03 1.986201e-03 2.425373e-03 2.419773e-03 1.859050e-03 1.975542e-03 2.119947e-03 2.215281e-03 1.859828e-03
9.416476e-04 1.196164e-03 1.873322e-03 1.927440e-03 1.848398e-03 1.000862e-03 1.471559e-11 1.726502e-12 1.633875e-12 1.114881e-12 1.385697e-03 1.424745e-03 1.471352e-03 1.511531e-03 1.389724e-03 1.424492e-03 3.408581e-03 1.418998e-03 1.758502e-03 1.399204e-03 1.491598e-03 1.427226e-03 1.678315e-03 1.469751e-03 1.967249e-03 1.651707e-03 1.366600e-03 1.474705e-03 1.968621e-03 1.449665e-03 1.641401e-03 1.410510e-03 1.776535e-02 2.074941e-03 1.996134e-03 2.005437e-03 1.417690e-03 1.776061e-03 1.402877e-03 1.472175e-03 1.577120e-03 1.942632e-03 1.369267e-03 1.919960e-03 1.935633e-03 1.358474e-03 1.418158e-03 1.674925e-03 1.889757e-03 1.306432e-03
7.848472e-04 9.617567e-04 1.372697e-03 1.418176e-03 1.373479e-03 8.653759e-04 1.112676e-11 1.069879e-12 1.198741e-12 9.083453e-13 1.053040e-03 1.051511e-03 1.210874e-03 1.207382e-03 1.092227e-03 1.193494e-03 2.841701e-03 1.083906e-03 1.439323e-03 1.124596e-03 1.038120e-03 1.099318e-03 1.400913e-03 1.261335e-03 1.553767e-03 1.270978e-03 1.028562e-03 1.089228e-03 1.569548e-03 1.146130e-03 1.234764e-03 1.172700e-03 1.831712e-02 1.564648e-03 1.647023e-03 1.618488e-03 9.702409e-04 1.412340e-03 1.092726e-03 1.112434e-03 1.132093e-03 1.589487e-03 1.182423e-03 1.486111e-03 1.445144e-03 1.139113e-03 1.143254e-03 1.280041e-03 1.448561e-03 1.010516e-03
6.426297e-04 7.096542e-04 1.253729e-03 1.254334e-03 1.145697e-03 5.497105e-04 7.919477e-12 8.823713e-13 9.028062e-13 5.589420e-13 9.252405e-04 8.419709e-04 9.262936e-04 9.694045e-04 8.910547e-04 9.681614e-04 2.072241e-03 1.048991e-03 1.156941e-03 8.967558e-04 8.952419e-04 9.151339e-04 9.623814e-04 9.118346e-04 1.246776e-03 1.035980e-03 8.977326e-04 9.056215e-04 1.323852e-03 9.358999e-04 1.027377e-03 9.837169e-04 1.735335e-02 1.306136e-03 1.250799e-03 1.300090e-03 9.260905e-04 1.198338e-03 7.564406e-04 8.549529e-04 8.626321e-04 1.233185e-03 8.850226e-04 1.219256e-03 1.177896e-03 8.445488e-04 8.286945e-04 1.041515e-03 1.235331e-03 9.168734e-04
5.683256e-04 6.537253e-04 9.920007e-04 9.556861e-04 9.161560e-04 5.846520e-04 7.425514e-12 7.620531e-13 6.088264e-13 5.079033e-13 6.699909e-04 6.595220e-04 7.103196e-04 7.618692e-04 7.839294e-04 7.680969e-04 1.828181e-03 7.155264e-04 9.693629e-04 6.789485e-04 7.808816e-04 6.985736e-04 8.516944e-04 8.536672e-04 1.012710e-03 8.050074e-04 6.766059e-04 6.928437e-04 1.013235e-03 6.321718e-04 8.572664e-04 7.346859e-04 1.061018e-10 1.022684e-03 1.077770e-03 1.052109e-03 6.837949e-04 9.309160e-04 7.283601e-04 7.367467e-04 7.870356e-04 1.032678e-03 6.919975e-04 9.492894e-04 1.000602e-03 6.850684e-04 7.502089e-04 8.633259e-04 8.986341e-04 6.998448e-04
4.620813e-04 5.533720e-04 8.399410e-04 7.229108e-04 7.059328e-04 4.169430e-04 3.672988e-12 4.395076e-13 5.162266e-13 4.250328e-13 5.464364e-04 5.951612e-04 5.384939e-04 6.067463e-04 5.963409e-04 5.779863e-04 1.106141e-03 6.098582e-04 7.391365e-04 5.456565e-04 5.894847e-04 5.581017e-04 6.965514e-04 6.631703e-04 7.927595e-04 6.616767e-04 5.631459e-04 6.163321e-04 8.453141e-04 5.561027e-04 5.757111e-04 6.251865e-04 7.518378e-11 9.061561e-04 9.156405e-04 7.839267e-04 5.983212e-04 7.537115e-04 5.709111e-04 5.599615e-04 6.246788e-04 8.853404e-04 6.123809e-04 8.657183e-04 8.740833e-04 5.774119e-04 5.865335e-04 7.307454e-04 7.855976e-04 6.276079e-04
4.199967e-04 4.729300e-04 6.778169e-04 6.813914e-04 6.092032e-04 3.502532e-04 2.533038e-12 4.761411e-13 5.257524e-13 1.883925e-13 4.791141e-04 4.476636e-04 5.822790e-04 4.959678e-04 4.963504e-04 4.922746e-04 1.377646e-03 4.846511e-04 5.539521e-04 4.694291e-04 5.417697e-04 4.896501e-04 6.204462e-04 5.793668e-04 6.388684e-04 6.106092e-04 5.317242e-04 4.487967e-04 6.805099e-04 5.865316e-04 5.313264e-04 4.584664e-04 9.609021e-11 8.115589e-04 7.459602e-04 6.871263e-04 5.706991e-04 7.016210e-04 5.081674e-04 4.608775e-04 5.951463e-04 6.817539e-04 5.139231e-04 6.590046e-04 7.003235e-04 4.852984e-04 5.014415e-04 6.091196e-04 5.890467e-04 4.889656e-04
2.703273e-04 3.165918e-04 5.230463e-04 6.117981e-04 4.261706e-04 3.090173e-04 4.739875e-12 2.204448e-13 2.034980e-13 2.352804e-13 4.458635e-04 3.785739e-04 4.596970e-04 4.352078e-04 4.076041e-04 4.320519e-04 1.056346e-03 3.675810e-04 5.534412e-04 4.141066e-04 4.656066e-04 3.733655e-04 5.207617e-04 4.647267e-04 6.036187e-04 5.205548e-04 4.245475e-04 4.541966e-04 5.684844e-04 4.986402e-04 4.312346e-04 4.729448e-04 6.571968e-03 5.909218e-04 6.017151e-04 5.592960e-04 4.297553e-04 5.338450e-04 4.161422e-04 4.281994e-04 3.964042e-04 5.654337e-04 4.254220e-04 5.688930e-04 5.618282e-04 4.421191e-04 5.022984e-04 5.051107e-04 4.826125e-04 3.878969e-04
2.427956e-04 3.454235e-04 4.629314e-04 4.430591e-04 4.660529e-04 2.613684e-04 3.808531e-12 2.488972e-13 2.846550e-13 1.994625e-13 3.861953e-04 4.280632e-04 3.749220e-04 3.305429e-04 3.656757e-04 3.268976e-04 6.870829e-04 3.775133e-04 4.428828e-04 3.392759e-04 3.345604e-04 3.615694e-04 3.558045e-04 3.955808e-04 5.235542e-04 3.988260e-04 3.107454e-04 3.672399e-04 4.753378e-04 3.962638e-04 4.193739e-04 4.204164e-04 1.623401e-14 4.580076e-04 4.928300e-04 5.370197e-04 3.237640e-04 5.055490e-04 2.892753e-04 3.667309e-04 4.057328e-04 4.321212e-04 3.654553e-04 4.279728e-04 3.913458e-04 4.063242e-04 3.939026e-04 4.066044e-04 4.259599e-04 3.895431e-04
1.789675e-04 1.671244e-04 2.775610e-04 2.717827e-04 2.486513e-04 1.648867e-04 1.023980e-13 1.157569e-13 4.960279e-14 5.941862e-14 1.985173e-04 1.611755e-04 1.813408e-04 1.844149e-04 2.009866e-04 2.188566e-04 4.996134e-04 2.171700e-04 2.517818e-04 2.172170e-04 1.886858e-04 1.906040e-04 2.425603e-04 2.344898e-04 2.431593e-04 2.444528e-04 2.133683e-04 1.847703e-04 2.661715e-04 2.017644e-04 1.916873e-04 2.168438e-04 5.198014e-03 2.740402e-04 2.882954e-04 2.730240e-04 1.744516e-04 2.581524e-04 2.074569e-04 2.278719e-04 2.268338e-04 2.652233e-04 2.228475e-04 2.615209e-04 2.597065e-04 1.871461e-04 2.206559e-04 2.385119e-04 2.825511e-04 2.185862e-04
