# Version 0.0
# Data /workdir/Detroit_tune_Project/input/Data/Data__200__pp__STAR_2003_I631869__d01-x01-y01.dat
# Observable: $E\frac{d^3\sigma}{dp^3}$ ($\mu b c^3/GeV^2$)
# Subobservable: Leading $E_\pi$ (GeV)
# Design Design_Rivet.dat
# design_point1 design_point2 design_point3 design_point4 design_point5 design_point6 design_point7 design_point8 design_point9 design_point10 design_point11 design_point12 design_point13 design_point14 design_point15 design_point16 design_point17 design_point18
4.868363e+00 4.135257e+00 4.387441e+00 4.246159e+00 4.764358e+00 4.070106e+00 4.725116e+00 4.251499e+00 4.131289e+00 4.805953e+00 4.098459e+00 4.043893e+00 4.358205e+00 4.205502e+00 4.675970e+00 4.221373e+00 4.522648e+00 4.528574e+00
1.880243e+00 1.498732e+00 1.621366e+00 1.488531e+00 1.895984e+00 1.550327e+00 1.867973e+00 1.531153e+00 1.530305e+00 1.892352e+00 1.491710e+00 1.468160e+00 1.614197e+00 1.555825e+00 1.817081e+00 1.523687e+00 1.784265e+00 1.685239e+00
7.400677e-01 5.703875e-01 6.108831e-01 5.807410e-01 7.891167e-01 6.030669e-01 7.332322e-01 5.881358e-01 5.925911e-01 7.175200e-01 5.561986e-01 5.340709e-01 6.262849e-01 5.661900e-01 7.492807e-01 5.568153e-01 7.007280e-01 6.512560e-01
2.958816e-01 2.130589e-01 2.585025e-01 2.199095e-01 3.133526e-01 2.300700e-01 3.000041e-01 2.208188e-01 2.254921e-01 2.958357e-01 2.138603e-01 2.259015e-01 2.615714e-01 2.332172e-01 2.995992e-01 2.298803e-01 2.906557e-01 2.563037e-01
1.200111e-01 8.681976e-02 1.115510e-01 8.920066e-02 1.354007e-01 1.043461e-01 1.205575e-01 9.682387e-02 9.554829e-02 1.199012e-01 8.878898e-02 7.734545e-02 9.891153e-02 1.000039e-01 1.415497e-01 1.062041e-01 1.188036e-01 1.046983e-01
